7
22
11
34
17
52
26
13
40
20
10
5
16
8
4
2
1
99
298
149
448
224
112
56
28
14
7
22
11
34
17
52
26
13
40
20
10
5
16
8
4
2
1
615
1846
923
2770
1385
4156
2078
1039
3118
1559
4678
2339
7018
3509
10528
5264
2632
1316
658
329
988
494
247
742
371
1114
557
1672
836
418
209
628
314
157
472
236
118
59
178
89
268
134
67
202
101
304
152
76
38
19
58
29
88
44
22
11
34
17
52
26
13
40
20
10
5
16
8
4
2
1
4378
2189
6568
3284
1642
821
2464
1232
616
308
154
77
232
116
58
29
88
44
22
11
34
17
52
26
13
40
20
10
5
16
8
4
2
1
9999
29998
14999
44998
22499
67498
33749
101248
50624
25312
12656
6328
3164
1582
791
2374
1187
3562
1781
5344
2672
1336
668
334
167
502
251
754
377
1132
566
283
850
425
1276
638
319
958
479
1438
719
2158
1079
3238
1619
4858
2429
7288
3644
1822
911
2734
1367
4102
2051
6154
3077
9232
4616
2308
1154
577
1732
866
433
1300
650
325
976
488
244
122
61
184
92
46
23
70
35
106
53
160
80
40
20
10
5
16
8
4
2
1
