6154
3077
9232
4616
2308
1154
577
1732
866
433
1300
650
325
976
488
244
122
61
184
92
46
23
70
35
106
53
160
80
40
20
10
5
16
8
4
2
1
4444
2222
1111
3334
1667
5002
2501
7504
3752
1876
938
469
1408
704
352
176
88
44
22
11
34
17
52
26
13
40
20
10
5
16
8
4
2
1
1327
3982
1991
5974
2987
8962
4481
13444
6722
3361
10084
5042
2521
7564
3782
1891
5674
2837
8512
4256
2128
1064
532
266
133
400
200
100
50
25
76
38
19
58
29
88
44
22
11
34
17
52
26
13
40
20
10
5
16
8
4
2
1
121
364
182
91
274
137
412
206
103
310
155
466
233
700
350
175
526
263
790
395
1186
593
1780
890
445
1336
668
334
167
502
251
754
377
1132
566
283
850
425
1276
638
319
958
479
1438
719
2158
1079
3238
1619
4858
2429
7288
3644
1822
911
2734
1367
4102
2051
6154
3077
9232
4616
2308
1154
577
1732
866
433
1300
650
325
976
488
244
122
61
184
92
46
23
70
35
106
53
160
80
40
20
10
5
16
8
4
2
1
6813
20440
10220
5110
2555
7666
3833
11500
5750
2875
8626
4313
12940
6470
3235
9706
4853
14560
7280
3640
1820
910
455
1366
683
2050
1025
3076
1538
769
2308
1154
577
1732
866
433
1300
650
325
976
488
244
122
61
184
92
46
23
70
35
106
53
160
80
40
20
10
5
16
8
4
2
1
5432
2716
1358
679
2038
1019
3058
1529
4588
2294
1147
3442
1721
5164
2582
1291
3874
1937
5812
2906
1453
4360
2180
1090
545
1636
818
409
1228
614
307
922
461
1384
692
346
173
520
260
130
65
196
98
49
148
74
37
112
56
28
14
7
22
11
34
17
52
26
13
40
20
10
5
16
8
4
2
1
1576
788
394
197
592
296
148
74
37
112
56
28
14
7
22
11
34
17
52
26
13
40
20
10
5
16
8
4
2
1
1222
611
1834
917
2752
1376
688
344
172
86
43
130
65
196
98
49
148
74
37
112
56
28
14
7
22
11
34
17
52
26
13
40
20
10
5
16
8
4
2
1
1534
767
2302
1151
3454
1727
5182
2591
7774
3887
11662
5831
17494
8747
26242
13121
39364
19682
9841
29524
14762
7381
22144
11072
5536
2768
1384
692
346
173
520
260
130
65
196
98
49
148
74
37
112
56
28
14
7
22
11
34
17
52
26
13
40
20
10
5
16
8
4
2
1
8132
4066
2033
6100
3050
1525
4576
2288
1144
572
286
143
430
215
646
323
970
485
1456
728
364
182
91
274
137
412
206
103
310
155
466
233
700
350
175
526
263
790
395
1186
593
1780
890
445
1336
668
334
167
502
251
754
377
1132
566
283
850
425
1276
638
319
958
479
1438
719
2158
1079
3238
1619
4858
2429
7288
3644
1822
911
2734
1367
4102
2051
6154
3077
9232
4616
2308
1154
577
1732
866
433
1300
650
325
976
488
244
122
61
184
92
46
23
70
35
106
53
160
80
40
20
10
5
16
8
4
2
1
168
84
42
21
64
32
16
8
4
2
1
12
6
3
10
5
16
8
4
2
1
63
190
95
286
143
430
215
646
323
970
485
1456
728
364
182
91
274
137
412
206
103
310
155
466
233
700
350
175
526
263
790
395
1186
593
1780
890
445
1336
668
334
167
502
251
754
377
1132
566
283
850
425
1276
638
319
958
479
1438
719
2158
1079
3238
1619
4858
2429
7288
3644
1822
911
2734
1367
4102
2051
6154
3077
9232
4616
2308
1154
577
1732
866
433
1300
650
325
976
488
244
122
61
184
92
46
23
70
35
106
53
160
80
40
20
10
5
16
8
4
2
1
577
1732
866
433
1300
650
325
976
488
244
122
61
184
92
46
23
70
35
106
53
160
80
40
20
10
5
16
8
4
2
1
514
257
772
386
193
580
290
145
436
218
109
328
164
82
41
124
62
31
94
47
142
71
214
107
322
161
484
242
121
364
182
91
274
137
412
206
103
310
155
466
233
700
350
175
526
263
790
395
1186
593
1780
890
445
1336
668
334
167
502
251
754
377
1132
566
283
850
425
1276
638
319
958
479
1438
719
2158
1079
3238
1619
4858
2429
7288
3644
1822
911
2734
1367
4102
2051
6154
3077
9232
4616
2308
1154
577
1732
866
433
1300
650
325
976
488
244
122
61
184
92
46
23
70
35
106
53
160
80
40
20
10
5
16
8
4
2
1
1652
826
413
1240
620
310
155
466
233
700
350
175
526
263
790
395
1186
593
1780
890
445
1336
668
334
167
502
251
754
377
1132
566
283
850
425
1276
638
319
958
479
1438
719
2158
1079
3238
1619
4858
2429
7288
3644
1822
911
2734
1367
4102
2051
6154
3077
9232
4616
2308
1154
577
1732
866
433
1300
650
325
976
488
244
122
61
184
92
46
23
70
35
106
53
160
80
40
20
10
5
16
8
4
2
1
2433
7300
3650
1825
5476
2738
1369
4108
2054
1027
3082
1541
4624
2312
1156
578
289
868
434
217
652
326
163
490
245
736
368
184
92
46
23
70
35
106
53
160
80
40
20
10
5
16
8
4
2
1
2165
6496
3248
1624
812
406
203
610
305
916
458
229
688
344
172
86
43
130
65
196
98
49
148
74
37
112
56
28
14
7
22
11
34
17
52
26
13
40
20
10
5
16
8
4
2
1
2455
7366
3683
11050
5525
16576
8288
4144
2072
1036
518
259
778
389
1168
584
292
146
73
220
110
55
166
83
250
125
376
188
94
47
142
71
214
107
322
161
484
242
121
364
182
91
274
137
412
206
103
310
155
466
233
700
350
175
526
263
790
395
1186
593
1780
890
445
1336
668
334
167
502
251
754
377
1132
566
283
850
425
1276
638
319
958
479
1438
719
2158
1079
3238
1619
4858
2429
7288
3644
1822
911
2734
1367
4102
2051
6154
3077
9232
4616
2308
1154
577
1732
866
433
1300
650
325
976
488
244
122
61
184
92
46
23
70
35
106
53
160
80
40
20
10
5
16
8
4
2
1
155
466
233
700
350
175
526
263
790
395
1186
593
1780
890
445
1336
668
334
167
502
251
754
377
1132
566
283
850
425
1276
638
319
958
479
1438
719
2158
1079
3238
1619
4858
2429
7288
3644
1822
911
2734
1367
4102
2051
6154
3077
9232
4616
2308
1154
577
1732
866
433
1300
650
325
976
488
244
122
61
184
92
46
23
70
35
106
53
160
80
40
20
10
5
16
8
4
2
1
2133
6400
3200
1600
800
400
200
100
50
25
76
38
19
58
29
88
44
22
11
34
17
52
26
13
40
20
10
5
16
8
4
2
1
122
61
184
92
46
23
70
35
106
53
160
80
40
20
10
5
16
8
4
2
1
479
1438
719
2158
1079
3238
1619
4858
2429
7288
3644
1822
911
2734
1367
4102
2051
6154
3077
9232
4616
2308
1154
577
1732
866
433
1300
650
325
976
488
244
122
61
184
92
46
23
70
35
106
53
160
80
40
20
10
5
16
8
4
2
1
9755
29266
14633
43900
21950
10975
32926
16463
49390
24695
74086
37043
111130
55565
166696
83348
41674
20837
62512
31256
15628
7814
3907
11722
5861
17584
8792
4396
2198
1099
3298
1649
4948
2474
1237
3712
1856
928
464
232
116
58
29
88
44
22
11
34
17
52
26
13
40
20
10
5
16
8
4
2
1
555
1666
833
2500
1250
625
1876
938
469
1408
704
352
176
88
44
22
11
34
17
52
26
13
40
20
10
5
16
8
4
2
1
