3277
9832
4916
2458
1229
3688
1844
922
461
1384
692
346
173
520
260
130
65
196
98
49
148
74
37
112
56
28
14
7
22
11
34
17
52
26
13
40
20
10
5
16
8
4
2
1
5213
15640
7820
3910
1955
5866
2933
8800
4400
2200
1100
550
275
826
413
1240
620
310
155
466
233
700
350
175
526
263
790
395
1186
593
1780
890
445
1336
668
334
167
502
251
754
377
1132
566
283
850
425
1276
638
319
958
479
1438
719
2158
1079
3238
1619
4858
2429
7288
3644
1822
911
2734
1367
4102
2051
6154
3077
9232
4616
2308
1154
577
1732
866
433
1300
650
325
976
488
244
122
61
184
92
46
23
70
35
106
53
160
80
40
20
10
5
16
8
4
2
1
225
676
338
169
508
254
127
382
191
574
287
862
431
1294
647
1942
971
2914
1457
4372
2186
1093
3280
1640
820
410
205
616
308
154
77
232
116
58
29
88
44
22
11
34
17
52
26
13
40
20
10
5
16
8
4
2
1
4357
13072
6536
3268
1634
817
2452
1226
613
1840
920
460
230
115
346
173
520
260
130
65
196
98
49
148
74
37
112
56
28
14
7
22
11
34
17
52
26
13
40
20
10
5
16
8
4
2
1
8825
26476
13238
6619
19858
9929
29788
14894
7447
22342
11171
33514
16757
50272
25136
12568
6284
3142
1571
4714
2357
7072
3536
1768
884
442
221
664
332
166
83
250
125
376
188
94
47
142
71
214
107
322
161
484
242
121
364
182
91
274
137
412
206
103
310
155
466
233
700
350
175
526
263
790
395
1186
593
1780
890
445
1336
668
334
167
502
251
754
377
1132
566
283
850
425
1276
638
319
958
479
1438
719
2158
1079
3238
1619
4858
2429
7288
3644
1822
911
2734
1367
4102
2051
6154
3077
9232
4616
2308
1154
577
1732
866
433
1300
650
325
976
488
244
122
61
184
92
46
23
70
35
106
53
160
80
40
20
10
5
16
8
4
2
1
2135
6406
3203
9610
4805
14416
7208
3604
1802
901
2704
1352
676
338
169
508
254
127
382
191
574
287
862
431
1294
647
1942
971
2914
1457
4372
2186
1093
3280
1640
820
410
205
616
308
154
77
232
116
58
29
88
44
22
11
34
17
52
26
13
40
20
10
5
16
8
4
2
1
4975
14926
7463
22390
11195
33586
16793
50380
25190
12595
37786
18893
56680
28340
14170
7085
21256
10628
5314
2657
7972
3986
1993
5980
2990
1495
4486
2243
6730
3365
10096
5048
2524
1262
631
1894
947
2842
1421
4264
2132
1066
533
1600
800
400
200
100
50
25
76
38
19
58
29
88
44
22
11
34
17
52
26
13
40
20
10
5
16
8
4
2
1
1327
3982
1991
5974
2987
8962
4481
13444
6722
3361
10084
5042
2521
7564
3782
1891
5674
2837
8512
4256
2128
1064
532
266
133
400
200
100
50
25
76
38
19
58
29
88
44
22
11
34
17
52
26
13
40
20
10
5
16
8
4
2
1
5555
16666
8333
25000
12500
6250
3125
9376
4688
2344
1172
586
293
880
440
220
110
55
166
83
250
125
376
188
94
47
142
71
214
107
322
161
484
242
121
364
182
91
274
137
412
206
103
310
155
466
233
700
350
175
526
263
790
395
1186
593
1780
890
445
1336
668
334
167
502
251
754
377
1132
566
283
850
425
1276
638
319
958
479
1438
719
2158
1079
3238
1619
4858
2429
7288
3644
1822
911
2734
1367
4102
2051
6154
3077
9232
4616
2308
1154
577
1732
866
433
1300
650
325
976
488
244
122
61
184
92
46
23
70
35
106
53
160
80
40
20
10
5
16
8
4
2
1
2498
1249
3748
1874
937
2812
1406
703
2110
1055
3166
1583
4750
2375
7126
3563
10690
5345
16036
8018
4009
12028
6014
3007
9022
4511
13534
6767
20302
10151
30454
15227
45682
22841
68524
34262
17131
51394
25697
77092
38546
19273
57820
28910
14455
43366
21683
65050
32525
97576
48788
24394
12197
36592
18296
9148
4574
2287
6862
3431
10294
5147
15442
7721
23164
11582
5791
17374
8687
26062
13031
39094
19547
58642
29321
87964
43982
21991
65974
32987
98962
49481
148444
74222
37111
111334
55667
167002
83501
250504
125252
62626
31313
93940
46970
23485
70456
35228
17614
8807
26422
13211
39634
19817
59452
29726
14863
44590
22295
66886
33443
100330
50165
150496
75248
37624
18812
9406
4703
14110
7055
21166
10583
31750
15875
47626
23813
71440
35720
17860
8930
4465
13396
6698
3349
10048
5024
2512
1256
628
314
157
472
236
118
59
178
89
268
134
67
202
101
304
152
76
38
19
58
29
88
44
22
11
34
17
52
26
13
40
20
10
5
16
8
4
2
1
2135
6406
3203
9610
4805
14416
7208
3604
1802
901
2704
1352
676
338
169
508
254
127
382
191
574
287
862
431
1294
647
1942
971
2914
1457
4372
2186
1093
3280
1640
820
410
205
616
308
154
77
232
116
58
29
88
44
22
11
34
17
52
26
13
40
20
10
5
16
8
4
2
1
2487
7462
3731
11194
5597
16792
8396
4198
2099
6298
3149
9448
4724
2362
1181
3544
1772
886
443
1330
665
1996
998
499
1498
749
2248
1124
562
281
844
422
211
634
317
952
476
238
119
358
179
538
269
808
404
202
101
304
152
76
38
19
58
29
88
44
22
11
34
17
52
26
13
40
20
10
5
16
8
4
2
1
2435
7306
3653
10960
5480
2740
1370
685
2056
1028
514
257
772
386
193
580
290
145
436
218
109
328
164
82
41
124
62
31
94
47
142
71
214
107
322
161
484
242
121
364
182
91
274
137
412
206
103
310
155
466
233
700
350
175
526
263
790
395
1186
593
1780
890
445
1336
668
334
167
502
251
754
377
1132
566
283
850
425
1276
638
319
958
479
1438
719
2158
1079
3238
1619
4858
2429
7288
3644
1822
911
2734
1367
4102
2051
6154
3077
9232
4616
2308
1154
577
1732
866
433
1300
650
325
976
488
244
122
61
184
92
46
23
70
35
106
53
160
80
40
20
10
5
16
8
4
2
1
2257
6772
3386
1693
5080
2540
1270
635
1906
953
2860
1430
715
2146
1073
3220
1610
805
2416
1208
604
302
151
454
227
682
341
1024
512
256
128
64
32
16
8
4
2
1
5213
15640
7820
3910
1955
5866
2933
8800
4400
2200
1100
550
275
826
413
1240
620
310
155
466
233
700
350
175
526
263
790
395
1186
593
1780
890
445
1336
668
334
167
502
251
754
377
1132
566
283
850
425
1276
638
319
958
479
1438
719
2158
1079
3238
1619
4858
2429
7288
3644
1822
911
2734
1367
4102
2051
6154
3077
9232
4616
2308
1154
577
1732
866
433
1300
650
325
976
488
244
122
61
184
92
46
23
70
35
106
53
160
80
40
20
10
5
16
8
4
2
1
285
856
428
214
107
322
161
484
242
121
364
182
91
274
137
412
206
103
310
155
466
233
700
350
175
526
263
790
395
1186
593
1780
890
445
1336
668
334
167
502
251
754
377
1132
566
283
850
425
1276
638
319
958
479
1438
719
2158
1079
3238
1619
4858
2429
7288
3644
1822
911
2734
1367
4102
2051
6154
3077
9232
4616
2308
1154
577
1732
866
433
1300
650
325
976
488
244
122
61
184
92
46
23
70
35
106
53
160
80
40
20
10
5
16
8
4
2
1
5877
17632
8816
4408
2204
1102
551
1654
827
2482
1241
3724
1862
931
2794
1397
4192
2096
1048
524
262
131
394
197
592
296
148
74
37
112
56
28
14
7
22
11
34
17
52
26
13
40
20
10
5
16
8
4
2
1
5132
2566
1283
3850
1925
5776
2888
1444
722
361
1084
542
271
814
407
1222
611
1834
917
2752
1376
688
344
172
86
43
130
65
196
98
49
148
74
37
112
56
28
14
7
22
11
34
17
52
26
13
40
20
10
5
16
8
4
2
1
576
288
144
72
36
18
9
28
14
7
22
11
34
17
52
26
13
40
20
10
5
16
8
4
2
1
21
64
32
16
8
4
2
1
