1613
4840
2420
1210
605
1816
908
454
227
682
341
1024
512
256
128
64
32
16
8
4
2
1
1607
4822
2411
7234
3617
10852
5426
2713
8140
4070
2035
6106
3053
9160
4580
2290
1145
3436
1718
859
2578
1289
3868
1934
967
2902
1451
4354
2177
6532
3266
1633
4900
2450
1225
3676
1838
919
2758
1379
4138
2069
6208
3104
1552
776
388
194
97
292
146
73
220
110
55
166
83
250
125
376
188
94
47
142
71
214
107
322
161
484
242
121
364
182
91
274
137
412
206
103
310
155
466
233
700
350
175
526
263
790
395
1186
593
1780
890
445
1336
668
334
167
502
251
754
377
1132
566
283
850
425
1276
638
319
958
479
1438
719
2158
1079
3238
1619
4858
2429
7288
3644
1822
911
2734
1367
4102
2051
6154
3077
9232
4616
2308
1154
577
1732
866
433
1300
650
325
976
488
244
122
61
184
92
46
23
70
35
106
53
160
80
40
20
10
5
16
8
4
2
1
1499
4498
2249
6748
3374
1687
5062
2531
7594
3797
11392
5696
2848
1424
712
356
178
89
268
134
67
202
101
304
152
76
38
19
58
29
88
44
22
11
34
17
52
26
13
40
20
10
5
16
8
4
2
1
1511
4534
2267
6802
3401
10204
5102
2551
7654
3827
11482
5741
17224
8612
4306
2153
6460
3230
1615
4846
2423
7270
3635
10906
5453
16360
8180
4090
2045
6136
3068
1534
767
2302
1151
3454
1727
5182
2591
7774
3887
11662
5831
17494
8747
26242
13121
39364
19682
9841
29524
14762
7381
22144
11072
5536
2768
1384
692
346
173
520
260
130
65
196
98
49
148
74
37
112
56
28
14
7
22
11
34
17
52
26
13
40
20
10
5
16
8
4
2
1
1471
4414
2207
6622
3311
9934
4967
14902
7451
22354
11177
33532
16766
8383
25150
12575
37726
18863
56590
28295
84886
42443
127330
63665
190996
95498
47749
143248
71624
35812
17906
8953
26860
13430
6715
20146
10073
30220
15110
7555
22666
11333
34000
17000
8500
4250
2125
6376
3188
1594
797
2392
1196
598
299
898
449
1348
674
337
1012
506
253
760
380
190
95
286
143
430
215
646
323
970
485
1456
728
364
182
91
274
137
412
206
103
310
155
466
233
700
350
175
526
263
790
395
1186
593
1780
890
445
1336
668
334
167
502
251
754
377
1132
566
283
850
425
1276
638
319
958
479
1438
719
2158
1079
3238
1619
4858
2429
7288
3644
1822
911
2734
1367
4102
2051
6154
3077
9232
4616
2308
1154
577
1732
866
433
1300
650
325
976
488
244
122
61
184
92
46
23
70
35
106
53
160
80
40
20
10
5
16
8
4
2
1
1361
4084
2042
1021
3064
1532
766
383
1150
575
1726
863
2590
1295
3886
1943
5830
2915
8746
4373
13120
6560
3280
1640
820
410
205
616
308
154
77
232
116
58
29
88
44
22
11
34
17
52
26
13
40
20
10
5
16
8
4
2
1
