7489
22468
11234
5617
16852
8426
4213
12640
6320
3160
1580
790
395
1186
593
1780
890
445
1336
668
334
167
502
251
754
377
1132
566
283
850
425
1276
638
319
958
479
1438
719
2158
1079
3238
1619
4858
2429
7288
3644
1822
911
2734
1367
4102
2051
6154
3077
9232
4616
2308
1154
577
1732
866
433
1300
650
325
976
488
244
122
61
184
92
46
23
70
35
106
53
160
80
40
20
10
5
16
8
4
2
1
7499
22498
11249
33748
16874
8437
25312
12656
6328
3164
1582
791
2374
1187
3562
1781
5344
2672
1336
668
334
167
502
251
754
377
1132
566
283
850
425
1276
638
319
958
479
1438
719
2158
1079
3238
1619
4858
2429
7288
3644
1822
911
2734
1367
4102
2051
6154
3077
9232
4616
2308
1154
577
1732
866
433
1300
650
325
976
488
244
122
61
184
92
46
23
70
35
106
53
160
80
40
20
10
5
16
8
4
2
1
7507
22522
11261
33784
16892
8446
4223
12670
6335
19006
9503
28510
14255
42766
21383
64150
32075
96226
48113
144340
72170
36085
108256
54128
27064
13532
6766
3383
10150
5075
15226
7613
22840
11420
5710
2855
8566
4283
12850
6425
19276
9638
4819
14458
7229
21688
10844
5422
2711
8134
4067
12202
6101
18304
9152
4576
2288
1144
572
286
143
430
215
646
323
970
485
1456
728
364
182
91
274
137
412
206
103
310
155
466
233
700
350
175
526
263
790
395
1186
593
1780
890
445
1336
668
334
167
502
251
754
377
1132
566
283
850
425
1276
638
319
958
479
1438
719
2158
1079
3238
1619
4858
2429
7288
3644
1822
911
2734
1367
4102
2051
6154
3077
9232
4616
2308
1154
577
1732
866
433
1300
650
325
976
488
244
122
61
184
92
46
23
70
35
106
53
160
80
40
20
10
5
16
8
4
2
1
6703
20110
10055
30166
15083
45250
22625
67876
33938
16969
50908
25454
12727
38182
19091
57274
28637
85912
42956
21478
10739
32218
16109
48328
24164
12082
6041
18124
9062
4531
13594
6797
20392
10196
5098
2549
7648
3824
1912
956
478
239
718
359
1078
539
1618
809
2428
1214
607
1822
911
2734
1367
4102
2051
6154
3077
9232
4616
2308
1154
577
1732
866
433
1300
650
325
976
488
244
122
61
184
92
46
23
70
35
106
53
160
80
40
20
10
5
16
8
4
2
1
