901
2704
1352
676
338
169
508
254
127
382
191
574
287
862
431
1294
647
1942
971
2914
1457
4372
2186
1093
3280
1640
820
410
205
616
308
154
77
232
116
58
29
88
44
22
11
34
17
52
26
13
40
20
10
5
16
8
4
2
1
573
1720
860
430
215
646
323
970
485
1456
728
364
182
91
274
137
412
206
103
310
155
466
233
700
350
175
526
263
790
395
1186
593
1780
890
445
1336
668
334
167
502
251
754
377
1132
566
283
850
425
1276
638
319
958
479
1438
719
2158
1079
3238
1619
4858
2429
7288
3644
1822
911
2734
1367
4102
2051
6154
3077
9232
4616
2308
1154
577
1732
866
433
1300
650
325
976
488
244
122
61
184
92
46
23
70
35
106
53
160
80
40
20
10
5
16
8
4
2
1
123
370
185
556
278
139
418
209
628
314
157
472
236
118
59
178
89
268
134
67
202
101
304
152
76
38
19
58
29
88
44
22
11
34
17
52
26
13
40
20
10
5
16
8
4
2
1
995
2986
1493
4480
2240
1120
560
280
140
70
35
106
53
160
80
40
20
10
5
16
8
4
2
1
