9001
27004
13502
6751
20254
10127
30382
15191
45574
22787
68362
34181
102544
51272
25636
12818
6409
19228
9614
4807
14422
7211
21634
10817
32452
16226
8113
24340
12170
6085
18256
9128
4564
2282
1141
3424
1712
856
428
214
107
322
161
484
242
121
364
182
91
274
137
412
206
103
310
155
466
233
700
350
175
526
263
790
395
1186
593
1780
890
445
1336
668
334
167
502
251
754
377
1132
566
283
850
425
1276
638
319
958
479
1438
719
2158
1079
3238
1619
4858
2429
7288
3644
1822
911
2734
1367
4102
2051
6154
3077
9232
4616
2308
1154
577
1732
866
433
1300
650
325
976
488
244
122
61
184
92
46
23
70
35
106
53
160
80
40
20
10
5
16
8
4
2
1
8363
25090
12545
37636
18818
9409
28228
14114
7057
21172
10586
5293
15880
7940
3970
1985
5956
2978
1489
4468
2234
1117
3352
1676
838
419
1258
629
1888
944
472
236
118
59
178
89
268
134
67
202
101
304
152
76
38
19
58
29
88
44
22
11
34
17
52
26
13
40
20
10
5
16
8
4
2
1
8087
24262
12131
36394
18197
54592
27296
13648
6824
3412
1706
853
2560
1280
640
320
160
80
40
20
10
5
16
8
4
2
1
7993
23980
11990
5995
17986
8993
26980
13490
6745
20236
10118
5059
15178
7589
22768
11384
5692
2846
1423
4270
2135
6406
3203
9610
4805
14416
7208
3604
1802
901
2704
1352
676
338
169
508
254
127
382
191
574
287
862
431
1294
647
1942
971
2914
1457
4372
2186
1093
3280
1640
820
410
205
616
308
154
77
232
116
58
29
88
44
22
11
34
17
52
26
13
40
20
10
5
16
8
4
2
1
