5051
15154
7577
22732
11366
5683
17050
8525
25576
12788
6394
3197
9592
4796
2398
1199
3598
1799
5398
2699
8098
4049
12148
6074
3037
9112
4556
2278
1139
3418
1709
5128
2564
1282
641
1924
962
481
1444
722
361
1084
542
271
814
407
1222
611
1834
917
2752
1376
688
344
172
86
43
130
65
196
98
49
148
74
37
112
56
28
14
7
22
11
34
17
52
26
13
40
20
10
5
16
8
4
2
1
5059
15178
7589
22768
11384
5692
2846
1423
4270
2135
6406
3203
9610
4805
14416
7208
3604
1802
901
2704
1352
676
338
169
508
254
127
382
191
574
287
862
431
1294
647
1942
971
2914
1457
4372
2186
1093
3280
1640
820
410
205
616
308
154
77
232
116
58
29
88
44
22
11
34
17
52
26
13
40
20
10
5
16
8
4
2
1
5077
15232
7616
3808
1904
952
476
238
119
358
179
538
269
808
404
202
101
304
152
76
38
19
58
29
88
44
22
11
34
17
52
26
13
40
20
10
5
16
8
4
2
1
5231
15694
7847
23542
11771
35314
17657
52972
26486
13243
39730
19865
59596
29798
14899
44698
22349
67048
33524
16762
8381
25144
12572
6286
3143
9430
4715
14146
7073
21220
10610
5305
15916
7958
3979
11938
5969
17908
8954
4477
13432
6716
3358
1679
5038
2519
7558
3779
11338
5669
17008
8504
4252
2126
1063
3190
1595
4786
2393
7180
3590
1795
5386
2693
8080
4040
2020
1010
505
1516
758
379
1138
569
1708
854
427
1282
641
1924
962
481
1444
722
361
1084
542
271
814
407
1222
611
1834
917
2752
1376
688
344
172
86
43
130
65
196
98
49
148
74
37
112
56
28
14
7
22
11
34
17
52
26
13
40
20
10
5
16
8
4
2
1
5233
15700
7850
3925
11776
5888
2944
1472
736
368
184
92
46
23
70
35
106
53
160
80
40
20
10
5
16
8
4
2
1
