307
922
461
1384
692
346
173
520
260
130
65
196
98
49
148
74
37
112
56
28
14
7
22
11
34
17
52
26
13
40
20
10
5
16
8
4
2
1
337
1012
506
253
760
380
190
95
286
143
430
215
646
323
970
485
1456
728
364
182
91
274
137
412
206
103
310
155
466
233
700
350
175
526
263
790
395
1186
593
1780
890
445
1336
668
334
167
502
251
754
377
1132
566
283
850
425
1276
638
319
958
479
1438
719
2158
1079
3238
1619
4858
2429
7288
3644
1822
911
2734
1367
4102
2051
6154
3077
9232
4616
2308
1154
577
1732
866
433
1300
650
325
976
488
244
122
61
184
92
46
23
70
35
106
53
160
80
40
20
10
5
16
8
4
2
1
1033
3100
1550
775
2326
1163
3490
1745
5236
2618
1309
3928
1964
982
491
1474
737
2212
1106
553
1660
830
415
1246
623
1870
935
2806
1403
4210
2105
6316
3158
1579
4738
2369
7108
3554
1777
5332
2666
1333
4000
2000
1000
500
250
125
376
188
94
47
142
71
214
107
322
161
484
242
121
364
182
91
274
137
412
206
103
310
155
466
233
700
350
175
526
263
790
395
1186
593
1780
890
445
1336
668
334
167
502
251
754
377
1132
566
283
850
425
1276
638
319
958
479
1438
719
2158
1079
3238
1619
4858
2429
7288
3644
1822
911
2734
1367
4102
2051
6154
3077
9232
4616
2308
1154
577
1732
866
433
1300
650
325
976
488
244
122
61
184
92
46
23
70
35
106
53
160
80
40
20
10
5
16
8
4
2
1
947
2842
1421
4264
2132
1066
533
1600
800
400
200
100
50
25
76
38
19
58
29
88
44
22
11
34
17
52
26
13
40
20
10
5
16
8
4
2
1
953
2860
1430
715
2146
1073
3220
1610
805
2416
1208
604
302
151
454
227
682
341
1024
512
256
128
64
32
16
8
4
2
1
859
2578
1289
3868
1934
967
2902
1451
4354
2177
6532
3266
1633
4900
2450
1225
3676
1838
919
2758
1379
4138
2069
6208
3104
1552
776
388
194
97
292
146
73
220
110
55
166
83
250
125
376
188
94
47
142
71
214
107
322
161
484
242
121
364
182
91
274
137
412
206
103
310
155
466
233
700
350
175
526
263
790
395
1186
593
1780
890
445
1336
668
334
167
502
251
754
377
1132
566
283
850
425
1276
638
319
958
479
1438
719
2158
1079
3238
1619
4858
2429
7288
3644
1822
911
2734
1367
4102
2051
6154
3077
9232
4616
2308
1154
577
1732
866
433
1300
650
325
976
488
244
122
61
184
92
46
23
70
35
106
53
160
80
40
20
10
5
16
8
4
2
1
