2999
8998
4499
13498
6749
20248
10124
5062
2531
7594
3797
11392
5696
2848
1424
712
356
178
89
268
134
67
202
101
304
152
76
38
19
58
29
88
44
22
11
34
17
52
26
13
40
20
10
5
16
8
4
2
1
2543
7630
3815
11446
5723
17170
8585
25756
12878
6439
19318
9659
28978
14489
43468
21734
10867
32602
16301
48904
24452
12226
6113
18340
9170
4585
13756
6878
3439
10318
5159
15478
7739
23218
11609
34828
17414
8707
26122
13061
39184
19592
9796
4898
2449
7348
3674
1837
5512
2756
1378
689
2068
1034
517
1552
776
388
194
97
292
146
73
220
110
55
166
83
250
125
376
188
94
47
142
71
214
107
322
161
484
242
121
364
182
91
274
137
412
206
103
310
155
466
233
700
350
175
526
263
790
395
1186
593
1780
890
445
1336
668
334
167
502
251
754
377
1132
566
283
850
425
1276
638
319
958
479
1438
719
2158
1079
3238
1619
4858
2429
7288
3644
1822
911
2734
1367
4102
2051
6154
3077
9232
4616
2308
1154
577
1732
866
433
1300
650
325
976
488
244
122
61
184
92
46
23
70
35
106
53
160
80
40
20
10
5
16
8
4
2
1
2029
6088
3044
1522
761
2284
1142
571
1714
857
2572
1286
643
1930
965
2896
1448
724
362
181
544
272
136
68
34
17
52
26
13
40
20
10
5
16
8
4
2
1
1979
5938
2969
8908
4454
2227
6682
3341
10024
5012
2506
1253
3760
1880
940
470
235
706
353
1060
530
265
796
398
199
598
299
898
449
1348
674
337
1012
506
253
760
380
190
95
286
143
430
215
646
323
970
485
1456
728
364
182
91
274
137
412
206
103
310
155
466
233
700
350
175
526
263
790
395
1186
593
1780
890
445
1336
668
334
167
502
251
754
377
1132
566
283
850
425
1276
638
319
958
479
1438
719
2158
1079
3238
1619
4858
2429
7288
3644
1822
911
2734
1367
4102
2051
6154
3077
9232
4616
2308
1154
577
1732
866
433
1300
650
325
976
488
244
122
61
184
92
46
23
70
35
106
53
160
80
40
20
10
5
16
8
4
2
1
